5.705800817788088
6.072719007196442
5.508703932473618
6.404827274729306
7.161733334006518
6.643114296593014
6.289050124962641
6.779054838819113
7.193834997147537
6.42869921883282
5.938878384993254
5.41412210462644
6.012910475098091
6.218131545699475
4.97189176649582
6.519806717390058
4.962177302290582
5.850454562808737
5.871540735615369
5.549030923607018
5.773663600397157
6.043842664677421
5.589873730553273
5.728399215610257
6.011691537437558
5.364685577235683
4.783711498680327
4.936179383742483
5.106416797708274
5.695806345455567
5.678038102476955
6.089731264549002
4.932672773356841
5.714426636477678
5.356119959298879
5.392436411511838
4.636094355313504
4.524093671973272
4.796871920407787
4.658456264061802
4.735444619713
5.077700023021647
4.687683424955893
4.468385290388328
4.326011538544086
4.602312715676335
4.188098630140852
4.618378538803151
4.53179619758431
4.434980223059025
4.003439209782472
4.0826245882396375
3.508629914654942
3.3910341084237636
3.426358216977415
5.299665551368354
4.287442482385183
3.442131351631487
4.492614673248778
3.6317233125045902
3.1756194971039107