1.9871541131440638
1.3076373419196765
2.174998818312442
1.9691923438660122
1.5846352785235513
2.0425250923648632
1.7584701273007644
0.47973790631706253
1.8771052077498527
1.4297748835990187
1.795971655116782
1.692483404515393
0.8814433966250229
2.4019155933726872
1.5995864316381667
1.887222382264604
0.5691976602489711
1.7323123766464037
1.312626259464115
1.8452392915831632
1.3175864053139423
0.5870228108123378
1.3701465786336853
1.739402800290202
2.149292650218015
1.5583771201580563
2.398181834030573
1.7647983444755921
2.1266956720133448
2.0412030906871452
1.0979995448171773
1.2892073365106924
1.3744965140160905
2.1136017233989373
2.6565552842987694
1.8084463172554468
1.7924479419938935
1.1536316738471801
1.5828233979921529
1.945903909704936
1.5424074734986026
1.520664677393255
1.8709296815119996
1.5394226357552576
1.0829590961729076
1.7417924057553693
1.716866574042364
1.888542405870318
2.080450406247031
1.828925868441407
2.26655556837869
2.1278069041309746
2.868507117951058
2.7724218861104912
2.2413333775654403
2.7461765513102296
1.858806595624891
2.1129431078328222
2.094774422415761
1.7460158000174242
1.3777595228424087