1.873040927838425e-05
1.9680409003986584e-05
1.7977343301111277e-05
1.9824001611147822e-05
1.909923178597626e-05
2.0558841209019812e-05
2.077578436722582e-05
1.9250981646898456e-05
2.04158621795598e-05
1.8747943598411533e-05
1.7683309470810787e-05
1.802773377940982e-05
1.7912991416310905e-05
1.848341280020932e-05
1.644058692038259e-05
1.775358144706171e-05
1.7001393429734224e-05
1.822819383233538e-05
1.831705329978802e-05
1.6954300737242913e-05
1.6891078214500636e-05
1.552359513346341e-05
1.61633382837641e-05
1.5486152167869204e-05
1.5060310112257757e-05
1.4882586286523831e-05
1.394910927249694e-05
1.3252295596929229e-05
1.4494707192437874e-05
1.483442042603382e-05
1.4899465244260717e-05
1.4184190982711233e-05
1.4825223327478494e-05
1.6151852599943312e-05
1.4651468036913184e-05
1.5796049557278565e-05
1.568572245463162e-05
1.5978849171863725e-05
1.5012768779893721e-05
1.721890806002275e-05
1.54838661768789e-05
1.5283530976782564e-05
1.683051122722196e-05
1.6162192548338387e-05
1.5682788275494795e-05
1.5966729312593023e-05
1.6293088404313568e-05
1.6260350548451886e-05
1.730005253961396e-05
1.6872536682556167e-05
1.7413409265575735e-05
1.553650028104571e-05
1.59595724147139e-05
1.5503668084473713e-05
1.5481026874783997e-05
1.789142910828054e-05
1.7133661780493537e-05
1.382368225569211e-05
1.5917607624259143e-05
1.5338619914627868e-05
1.5477066997084815e-05