9.027231377556717
9.406899438923661
8.671560816193782
9.219689004800511
10.864788231185317
9.662549122384501
8.911562029318839
9.603059711596552
11.107562053048927
9.425875611576888
8.299741101954622
8.70318297460942
9.089919819145496
9.451891057592865
7.185331146850633
9.917386342792366
7.4418706266236265
8.570736059107332
8.865360834801923
8.038595442225828
9.021624562334525
9.155691297036551
8.416934886294529
8.231689529994808
9.447509404621858
7.983341771572466
7.328451290683281
8.01235560439127
7.673308585016721
8.496547514080824
8.630182910814973
8.972604349615708
7.765705878698503
8.675345531267425
8.2823367892397
8.123357216411621
7.016049018136129
7.223782503314569
7.40815321943949
7.287426346487054
6.7776748723655444
7.868125420893766
6.772807045957543
6.336419102945671
6.603627090617881
6.769752160509483
6.107569035452693
6.750534822653445
6.95640791801196
7.0933752084198
6.433098118296449
5.952071060451121
5.523759988165948
5.242205479892799
5.075254727659521
8.293679505948267
6.815279720749564
5.458894726180357
6.79824711099589
5.826230498632512
4.954655749904505