2.4943155377574655
1.4107811427466332
2.940570624210273
2.8097042725042853
2.1685797793680908
2.6621023578465994
2.2439235899964025
0.6338918359642305
2.4902411417026933
1.728303826610059
2.14050880284295
2.1928507288592662
0.5740214321890678
2.6809270333024666
1.8423786337109715
2.1894366619304666
0.556846674413118
2.224435888901262
1.554122145806856
2.3901604221639055
1.6119158978922532
0.46392256542172133
1.6182667637367423
2.093396670292216
2.4874136369079634
1.7534942329382452
2.804191436147808
1.7326309161432736
2.4279683521598554
2.27962038646151
1.0951816339463638
1.1695755361531868
1.577129815789802
2.5642448068508816
2.9448625448253556
2.093653488718678
2.2125001805978406
1.1725640275406846
1.782841871042353
2.0108049609382657
1.75323341703433
1.8009631988904526
2.195943904548109
2.003690451150666
1.5668555230459926
2.2200627030462847
2.32005016545117
2.306889662681569
2.709792333701035
2.488864908282685
2.9114625213390966
2.852487094897296
3.52973586363009
3.381856622756245
3.096703800294428
3.322535879978688
2.2871470308079096
2.705928879110002
2.602638701978848
2.083706140128481
1.6792034199322554