1.087061387124442e-05
1.264199593988525e-05
1.2086749256528761e-05
1.317932256948174e-05
1.2866156186284114e-05
1.3639183054780706e-05
1.3724761344041493e-05
1.2991770577036692e-05
1.3693933838143563e-05
1.2792013327806571e-05
1.2274732894923032e-05
1.2483404391893992e-05
1.2175054509794525e-05
1.2286016977887333e-05
1.129145980965995e-05
1.2023057472370004e-05
1.1279123033060265e-05
1.196016435579739e-05
1.1790279332816445e-05
1.1403769350244921e-05
1.1258617420377462e-05
1.0733076421378783e-05
1.098966785728333e-05
1.0822924944556204e-05
1.0537930314934094e-05
1.0662001242583328e-05
9.905508410323612e-06
9.473815754869345e-06
1.0381721002880578e-05
1.0304377279439608e-05
1.0367078916788585e-05
1.0198749632742548e-05
1.050408842585969e-05
1.1076699432431068e-05
1.0340639730667487e-05
1.0992454067282364e-05
1.0904015236204455e-05
1.1178645430562737e-05
1.0563703515109853e-05
1.1623484186743488e-05
1.077617986381519e-05
1.0515772745684214e-05
1.1251251071977629e-05
1.1040538628847453e-05
1.0773982262913346e-05
1.0743824311233848e-05
1.0869281615470849e-05
1.0801394440639707e-05
1.1339906452724368e-05
1.124901075629521e-05
1.1614430610777774e-05
1.0835347448693025e-05
1.0999844865208605e-05
1.082416040524689e-05
1.0890620965368685e-05
1.1866608377637736e-05
1.148201010985505e-05
9.974658258770493e-06
1.0994701069672367e-05
1.0830602894186409e-05
1.1035757530587025e-05