4.807376101114929
4.889911697076076
4.673102022120377
5.016024413463082
5.7688678589089495
5.025096656316934
5.135431856434216
5.1917169108640735
5.984139324353024
5.165669545415446
4.519001455800765
4.52633676941949
4.784047307591472
4.76309314405824
3.921512887371984
5.225953443904504
4.0612579190934515
4.559696143041972
4.953371395984395
4.347894634584428
4.692865952675897
4.746083595375841
4.5040343092926935
4.505711543886477
4.8265291592751
4.385726417204875
3.749657657686917
4.071239442495353
4.252531471583499
4.487524426065346
4.455024256992312
4.42520757988073
3.8567072701194727
4.266441922267963
4.185078825666281
4.122158284036865
3.7229559028478043
3.657656685617333
3.7893314626402583
3.684595727859114
3.6365234478234827
4.143735477267132
3.564912437983894
3.6528630025438384
3.5049020474811257
3.610870127251734
3.3814503221674856
3.4574091073914652
3.4693563946268573
3.66227951718352
3.2264856397611843
3.346451591005828
2.862498265265969
2.750452628489115
2.727717270349036
4.0634557378182485
3.2021968861433514
2.670008476691009
3.3838920761553393
2.695596894353454
2.54099979272545