26.233457990658163
26.05636479579688
26.942158313316654
26.758312551273598
26.448653002605358
26.753550343294346
26.353932446379
25.41509623076497
26.793864165140214
26.228056103363254
26.51632374749319
26.577351435752135
25.54163961773789
26.778048091631273
26.11573821358504
26.310579429175945
25.32906323009062
26.307866076727414
25.7947368975871
26.295889014636884
25.894870046749205
25.435477920179466
26.059819269506377
26.40038431146447
26.57199915265067
26.20253807638135
26.82149997666183
26.203194458961757
26.604786148505628
26.543486940783684
25.80782532580973
25.985494688560458
25.936437769164485
26.653014069357898
27.035253382385875
26.369715952621583
26.399791990763827
25.865660686580565
25.924710533149806
26.3182178279907
26.134324592167474
26.224437549941545
26.449657882203475
26.178683703135558
25.806294989543247
26.19563858097404
26.37599829490647
26.488018602044903
26.74806591710166
26.439711663839226
26.535742269601318
26.697027674849814
27.478088764557036
27.437228338550447
27.000678247838103
27.141437846099585
26.498152924565865
26.790057455906535
26.73505700481648
26.555249488912416
26.223699050385306