0.037610204446928454
0.03806280602199267
0.03651359725832645
0.03790885617292925
0.03733871807602737
0.0385691901600318
0.03877441498452074
0.037527720427016735
0.03838113663806741
0.03703439421642984
0.03612568098090072
0.03640393984124707
0.036431274826469025
0.03699649030159706
0.03518381425605453
0.03637110061885807
0.035751710973378543
0.036887123182764735
0.03698958109687623
0.035758622721341005
0.03574287758098919
0.0344111440926399
0.03500352505595384
0.03426251698657054
0.033916174992658796
0.0336245037055795
0.03287035025702747
0.03214537747270814
0.03340634328457612
0.033739389958913915
0.03380101939186339
0.03311518671316648
0.03375482654262791
0.03494836558332408
0.033581304352863224
0.03469183108429137
0.03455519237856717
0.03479213550369776
0.033854868697554136
0.03590934862180079
0.03431111183849316
0.034195309261170856
0.035674195576939856
0.03504453470741411
0.03460403297833752
0.03496427799710862
0.03523687892351336
0.03520743079423492
0.03607388179532551
0.03563488772292093
0.03617466933085348
0.03429178181168331
0.0348115055681668
0.0343645656300763
0.03432124327828024
0.03660399247356589
0.03589243587594961
0.0327436251337231
0.034807030315232544
0.0342287117109261
0.03431407708805204