6.841349508605469
7.244447817278686
6.847056685908962
7.0197810906971725
8.342873686685769
7.727319924130852
7.206062032568222
7.546562052637369
8.286994629364022
7.475838705575037
6.646682120277204
6.8730914401215095
6.8581711199133
7.742113061212816
5.930818906698794
7.91383103917697
6.1387787156506155
7.030954295134007
7.251020770654912
6.503476231366021
6.775374567143272
7.232581367886095
6.741464274983463
6.534775676774278
7.161264299870645
6.458312571670001
5.790036432144789
5.811851844758004
5.91442765685048
6.662249765262489
6.568664822671415
7.062182667438671
5.956830295602679
6.795807463610101
6.065680000393949
6.104166199907042
5.504715226112723
5.541856585411723
5.796507999628966
5.430293863784951
5.500190309078769
6.148804291144782
5.356252144066945
5.33689728931679
5.30806765080742
5.406028114493873
4.948714186844344
5.094438606506924
5.192743797009447
5.517221894221214
4.722488594933083
4.681772041081034
4.387165899242112
4.102403883298087
4.062473535340088
6.231833885123646
5.174165891138175
4.335285515158273
5.307211608677314
4.405583107567627
3.865488021068342