2.250445275895384
1.313739467635917
2.505088768652545
2.389642259191898
1.7189365130643184
2.2801278456237837
1.849271538688805
0.6459337993175551
2.1371207065954905
1.5662413657815053
2.021130847370925
1.9100238218782506
0.7416753287826878
2.4619293761798673
1.6623177182088384
1.9367826506128618
0.5852199398629012
1.9287763323155982
1.4130001222231001
2.065549275036779
1.3844210066628968
0.6207308544357004
1.5501520205134813
1.843878223853077
2.2017952158502103
1.6869785237375943
2.5394382033051017
1.733385976238388
2.215534060658219
2.146389546927962
1.107176082466372
1.2300027648998726
1.5063083161729696
2.360553493432299
2.763046850706746
1.9469458893607463
1.9110054565888044
1.1328891427179377
1.6509651603405402
2.0037007918277507
1.6578891269021667
1.626082958739243
1.9863076346357618
1.763465340267776
1.1355085809107004
1.8777544821527092
1.895345630139535
2.0335202751630215
2.317753909331504
2.0832691012935136
2.5660225731805704
2.3873510302850494
3.134830575858703
2.982396453518381
2.4985831286267994
2.9551843101369664
2.0123334031746225
2.3742706700442358
2.3329419491784016
1.8092448800015102
1.4489283172261485