0.03215195972092
0.03352722006509222
0.03259741674252243
0.03379489514958175
0.03341044288419415
0.03428638904329437
0.034389631082139265
0.03352880674042216
0.03432039738804982
0.03322263663462149
0.03255127079360219
0.03277869789521883
0.032588886587662444
0.03288708464175597
0.03155352839845886
0.03242981837533019
0.03170191128135342
0.032579682700669854
0.03254323376510071
0.031801194160026004
0.031682664754953516
0.03084173783304262
0.031231591793472166
0.03086849890133675
0.03050988110919635
0.030469493633364743
0.02963814050618426
0.029067877259670888
0.03018898192919442
0.0302619338559706
0.030306488380726887
0.02993364813404838
0.030396682634940286
0.031234914188830287
0.030214251834917282
0.03103378318350284
0.0310443387936551
0.031233023933005408
0.030451340577856464
0.031968479605755676
0.030868235451942477
0.030635864585933096
0.0317397345857513
0.03129704355332621
0.030981548109739982
0.031092629498040855
0.03128033107269368
0.031217365651315134
0.03189634590229977
0.03165717802584733
0.032058096027502155
0.030890657122623108
0.031157730026125728
0.03087085026782004
0.03093353576829717
0.03258465916871581
0.031995612003519455
0.02969666076417821
0.03130093212788975
0.03101615297539247
0.0311154057811906