1.441809984500712
2.2854014599517822
0.8295536095657876
0.9613667326771979
1.2490271599457314
1.5189040223743657
1.5554993797756989
1.341761974133163
1.901174174088457
1.2244456511640625
1.244404390204208
1.4684499324009492
1.0575586926610956
1.1704637338434762
1.5879589153271134
1.4908491361708907
0.9931015847934758
1.0793982720934063
1.3405749336049193
0.7965141421084349
1.1977101286274476
1.5246730429118862
0.986840140302865
0.5389985332653227
1.9390675908530899
0.8143720972570769
0.4994834359532809
0.7075122765082594
0.8269963423444966
1.133448911302169
0.686775701854095
0.8058762289851246
1.0773801921917059
0.9789380049790302
1.2358066429345396
0.7572890760698396
1.080397038426754
0.7597535032950242
0.7966035193550919
1.3427203245293169
1.4016322220596298
1.5444758585219442
0.7361930013833481
1.2410738013119345
1.9313346273953278
1.5849550715402598
1.1684904600976458
0.9807524606042278
1.4699817280945342
1.25757395152133
1.4043620011398519
1.3304072242870477
0.9532884266238241
0.860071060774117
0.9770819047807489
3.5598188863913856
1.728094711660327
2.208164559883614
1.679395151907579
1.199090740505891
0.9191205705634898