27.269465663749717
27.628705606938276
27.381466021816262
27.28377558245272
27.61004747909756
27.85856707321001
27.542508024397982
26.823216586214084
27.147094401713808
26.76607022087063
26.975942185802776
27.57707622176175
26.89445623627591
27.192477465354532
26.83646625771543
27.000119482923918
26.444571421878543
27.20677182583904
27.37256071022135
27.670544344009045
27.69002109915924
27.270552277021647
27.137282594125566
27.206131702244342
27.4661674734002
27.181974081369823
27.548263625646904
26.992875858573797
27.292733588890876
27.72939230000359
26.856325297731814
27.177442705850225
27.09939798159498
27.30540130320154
27.24875634116752
27.71622806269066
27.430979489593767
26.841262173793083
27.049858930916372
27.436762114157798
27.239528456020857
27.00746985366054
27.04538027282652
26.856278928760908
26.977383482315208
27.19703437458913
26.978822226851964
26.910894684337464
27.160850534313532
27.631458464779648
27.35494790618082
27.209339485751563
27.259907153379913
27.35880607881051
27.689749051861753
28.00011050261373
27.994853738841545
27.371285849914205
27.183613662200294
27.872366208834727
27.59272376058769