0.02314677940985863
0.023123929523964287
0.02299131316866087
0.023123759056092735
0.023034945741456717
0.023169203453031285
0.023175126653976533
0.02309107218167534
0.023211154500161445
0.0230270025376979
0.022910359077696334
0.022967571511717105
0.02296202832045782
0.022999633265487783
0.02282485402063859
0.0229226235985217
0.022955884076251345
0.023061682390429526
0.02310248737301096
0.022948896408024118
0.022976697155286673
0.022844359648898027
0.02289732003585053
0.022803359586436908
0.022751570239097338
0.022705760357579572
0.022597057162661575
0.022507527988033217
0.022716489745576437
0.02275451215828491
0.022779318084007683
0.022674115640339516
0.02278393923695987
0.022917063167670348
0.022760420783768442
0.022888357912114726
0.02290656526041645
0.022912405717352147
0.022734413394373116
0.022986187658924375
0.022809625589806988
0.02283402725873311
0.023028684559336245
0.022920727378376905
0.022873109752951853
0.022900895284817806
0.022971040603088855
0.022936327634282005
0.023030289582901233
0.022969916120555475
0.022962150540944495
0.022772733840980254
0.02283580778282007
0.022769734142641884
0.022756853965923828
0.022937698110566073
0.02291321680251232
0.02254110364312105
0.022807816508746914
0.022720634203691165
0.02276113172058484