3.4747224566337747
3.4360081308368273
3.4516719848433044
3.7348930433407386
4.099689706531118
3.770206737452863
3.5824569768685253
3.873140464030107
4.399697005823841
3.8609111226000334
3.258929278621537
3.385507670799701
3.2471334439881843
3.4117791959201638
2.7598059657776695
3.522425693434623
2.855490190253053
3.2938359950458165
3.300807431084811
2.9856170825636834
3.222668511339149
3.4566075421999547
3.1878617303595442
3.1035037240158934
3.4980108804114716
3.118570956125658
2.63387085868527
2.894063132871647
3.1760862608535803
3.449086309673928
3.3276114120756595
3.363868744288496
2.8068178420377854
3.2206446881998056
3.0095341346385758
2.8604642331010925
2.61516454051153
2.546090788050194
2.5674674412223233
2.5590871515291176
2.5996587307253676
2.812324446815555
2.7389077069606884
2.5937887517528333
2.4864628200762167
2.669333394602928
2.4534196576173484
2.584612671136596
2.5796127748923854
2.5790609747183
2.3170607687179348
2.285288239277838
2.176673962476232
2.0073867707772783
1.9399294266824483
2.9565561265891884
2.4086118036099826
1.9790007050313483
2.258216302741933
1.9616319488750509
1.753638136445881