26.677979992225175
26.626898897450054
27.258620567558488
27.19275040626009
27.004865286811224
27.231756669394365
26.98630628071749
26.05462505422789
27.181620328946178
26.56746824993502
26.938160658411206
27.06182001907142
26.14641373864273
27.383271388989826
26.65442132195769
26.827411192732114
26.05128734629305
26.811513861382053
26.295599303274436
26.89641627534622
26.51410982538961
26.114937402865642
26.518901816776985
26.935667448950184
27.26892425594003
26.775751580868764
27.365367201810447
26.797977423715793
27.13597978478289
27.049846534615952
26.437468935744768
26.548348142777037
26.426293794760372
27.15600076486757
27.482082930791517
26.958328725092965
26.9733291882299
26.495700468601896
26.636542002980402
27.021061360858717
26.684988800433736
26.760360827105977
27.054201425131637
26.686449825716878
26.45064371439032
26.820940016585904
26.92840649969844
27.033705331103857
27.191197200218575
27.02222572125993
26.95879499283185
27.12802911546689
27.8013375772608
27.657492807653668
27.268699235167936
27.52853356883461
27.104081114079076
27.337952844893728
27.351697392638012
27.185915662362348
26.844421820249394