2.3109775481221737e-05
2.278432900388267e-05
2.025940613799567e-05
2.2353022809558866e-05
2.1373672413507544e-05
2.3282957231272002e-05
2.3603196125354578e-05
2.1621623230475706e-05
2.2851211227071287e-05
2.0785540525516353e-05
1.9558586237139346e-05
1.988177511128612e-05
2.0132940112593868e-05
2.1284742676292262e-05
1.858300460849939e-05
2.0411160876982612e-05
1.977864793227115e-05
2.1523307327896415e-05
2.1800276979741197e-05
1.961410101340884e-05
1.9820720037347695e-05
1.7750051257873808e-05
1.8636157903828226e-05
1.7564231120259612e-05
1.688062323891437e-05
1.653532614710377e-05
1.5677147741620074e-05
1.4828425224234666e-05
1.6255936696012234e-05
1.6867167207174464e-05
1.6854733268139596e-05
1.5807047323470104e-05
1.680003891433717e-05
1.851077069272334e-05
1.6631678742032143e-05
1.8127729368635507e-05
1.7987567493056916e-05
1.8240483881886835e-05
1.6917153246653388e-05
1.98457773163268e-05
1.7511979888114296e-05
1.745772047631784e-05
1.9483607152473256e-05
1.856504129876989e-05
1.8006027537700717e-05
1.8594469420562095e-05
1.8947529821981664e-05
1.8893799080416877e-05
2.0228552502799388e-05
1.9379003267596797e-05
2.017685848513723e-05
1.731288102709452e-05
1.807987795869099e-05
1.7366353998832722e-05
1.7198974708049076e-05
2.0657045303365597e-05
1.9683992205652208e-05
1.5198474069113054e-05
1.7852793585604797e-05
1.7057844365771498e-05
1.7184217272383336e-05