11.15116433816265
11.51046433664014
10.883621730711171
10.916883042576956
13.467947333522755
12.05351869088786
11.44404658487718
12.030308709666668
13.836609511923703
11.966907262295042
10.970679339211442
11.093895498819935
11.349052064724273
11.976003195017283
9.35779188190342
12.77588279490978
9.134863161462576
10.173050977402964
10.682020340377846
10.225994310652759
10.67576193067192
11.628441381640743
10.92357888061404
10.235656736840712
11.64392380175994
10.06444974880944
9.134462350531487
9.85139495825064
9.77164115132811
10.262105905943862
10.788886895447709
10.660833626548282
9.527642481894231
10.888321124881628
10.284101032648323
10.553710156143056
9.219709944571465
8.767138182397325
9.058436565230862
8.563478399307341
9.006282989682578
9.360453250388689
8.298429437104382
8.139451409718417
7.92301310651788
8.259521882156381
7.442807264810304
7.566087615313658
8.392847448207782
8.690838767433315
7.8116565297591665
7.608445458293801
6.815024698623159
6.620421991888876
6.921590685726648
10.55958897216734
8.559250608207192
6.952187589322115
8.635096846597477
7.291545472453151
6.303312125748904