26.125094650775424
25.309657120670366
27.22593767095728
27.161164986902754
26.395309066070144
26.789674837457717
26.35424899594785
24.38330950585375
26.788782734440233
25.7117794966026
25.96556770882138
26.186408061234665
24.06059272932759
26.524858557970646
25.53243017194639
25.93682895415379
24.17721623671028
26.091220798362677
25.06237970509303
26.306789087545475
25.287371143913347
24.308643020824302
25.076268280108863
25.784618347437092
26.32672539743097
25.167527557831157
26.662214771550378
25.069696306643742
26.183039922290714
25.913901377658576
24.54944244441314
24.568737234655913
25.044547703326074
26.313282317482948
26.747951026963968
25.658900127717747
26.145737125395854
24.76828136442833
25.372375106572203
25.613848095826537
25.185921626414842
25.68812444349508
25.848229869258855
25.93811032263366
25.401880802488588
26.177471208019142
26.268048003691398
26.19714584946724
26.7139655225729
26.61339414232456
26.969707340404383
27.193225365655564
27.664552949168225
27.615909495964445
27.377452365673246
27.07917623300692
26.224931837637996
26.9122258902191
26.66215065599204
26.01346987346328
25.921233658771893