7.162297466813846e-06
8.398796122261663e-06
8.243656969941841e-06
8.96242371160222e-06
8.716981449481978e-06
9.151671738236664e-06
9.181394695517181e-06
8.855718847188762e-06
9.271262630988485e-06
8.709538200036149e-06
8.482539539803149e-06
8.628894123452194e-06
8.43719306746029e-06
8.420161016704731e-06
8.004300492953479e-06
8.364251738641626e-06
7.85757928220323e-06
8.212058267562698e-06
7.940713452777068e-06
7.869211498364114e-06
7.82059123962679e-06
7.628412370719178e-06
7.73297073381911e-06
7.741833880491068e-06
7.5201185669179466e-06
7.655662786749187e-06
7.145521986741437e-06
6.97011967553482e-06
7.694935704062934e-06
7.507452549515201e-06
7.505173032137156e-06
7.4608895926519955e-06
7.705491708002314e-06
7.820578568117043e-06
7.4790382942025545e-06
7.83774870823807e-06
7.892980882439147e-06
8.021444116116848e-06
7.572682311464935e-06
8.213680842205025e-06
7.712524095055593e-06
7.551605057537976e-06
8.05180146518969e-06
7.924172080450952e-06
7.764436886796917e-06
7.743899882323414e-06
7.742352619086062e-06
7.644537317688654e-06
7.855318955141941e-06
7.78957494549605e-06
7.980713032677142e-06
7.645864780233978e-06
7.681039595983105e-06
7.648152548857512e-06
7.682644208519061e-06
8.13980593341491e-06
7.920884939474996e-06
7.193964773966193e-06
7.778614485266653e-06
7.734520701245174e-06
7.81347945786352e-06