10.293791626782113
10.549645505926135
9.773987879658232
10.158669871646708
12.175112446684887
11.170919941634711
10.502220370325823
11.125189833836009
12.531335992646513
10.673738708118881
9.466429665232738
10.201438156841496
9.414746936584752
10.57606714163248
8.476493641108961
11.0787824344381
8.361732742081466
9.80828806102441
9.695259995166507
9.12056593555202
9.798016649842774
10.562870654067504
10.131500966101962
9.26777994665395
10.411719228752029
9.44340001528553
8.443304934257647
8.458794015183003
8.781074382836062
9.63846061899161
10.00139102623032
10.003636127125384
8.826333896886103
9.618071720393008
9.536924305855077
9.214035548654916
8.060665171374009
7.852808165135031
8.650794912383052
8.075394078973977
8.054338280512933
8.919127620719573
7.75403974756958
7.4947285016380105
7.382274869135942
7.892247667519582
6.749621924723365
7.323023727873142
8.04844102072036
8.105830735072711
7.285142112748162
6.992799904490222
6.138287921587652
5.851148122202598
5.796697149409572
9.35771788023875
7.838832014580751
6.443557975161057
7.943726704160759
6.5476480494228
5.668594145147363