2.683592999810729
1.494243593902671
3.311026587714127
3.156815930614563
2.493112552593522
2.859801918574073
2.4901766647233345
0.7199741985260835
2.769640799670625
1.9382156409835918
2.2425970702338622
2.3495439825026794
0.3846073995681034
2.925046568487499
1.9150251215058973
2.432963571514191
0.5367290195559237
2.387089238427186
1.5264007934821964
2.5478198356636836
1.704876550550989
0.6093392904668229
1.5747732544110127
2.1150427381972885
2.640077261337219
1.7183029517948865
2.996547300577293
1.7305797349560286
2.5642827435636892
2.3446016553359743
0.9594871540986448
1.183785047326289
1.5993126489421852
2.7725089231260154
3.2283373538585725
2.123660263280346
2.422484241946906
1.0912921369742463
1.8210997445795976
2.1114342833345194
1.7359123943440002
1.9739266522135575
2.2438370651892803
2.17623041942496
1.641882859825403
2.47481781468898
2.5591998344252853
2.478457205848595
2.930560949471142
2.7377442451979253
3.233373008408786
3.1656043743519517
3.79179261230615
3.6547541719606347
3.289374152724351
3.5136583983717395
2.4717264014180222
2.9907092816975993
2.8908018655210084
2.164690104330776
1.9999197780766986