8.502184072241474e-06
1.0077171855824412e-05
9.794505929882849e-06
1.0642625854663407e-05
1.0386848136561537e-05
1.0952247525482883e-05
1.1038040502389022e-05
1.0525257034641853e-05
1.1072505344325588e-05
1.0396538813361924e-05
1.0043226695375694e-05
1.0225715307325197e-05
9.957384559840157e-06
9.953446457190004e-06
9.344198785921113e-06
9.853067260940871e-06
9.257501056691158e-06
9.716377691973766e-06
9.506973488954328e-06
9.31414010822625e-06
9.213538553432891e-06
8.935139471551904e-06
9.066153986337571e-06
9.046505915384428e-06
8.78359193123757e-06
8.929078430620675e-06
8.26644782629809e-06
7.981103170266594e-06
8.801130592606838e-06
8.633365737688782e-06
8.651432768930905e-06
8.585089239654003e-06
8.829151633280952e-06
9.156153868615787e-06
8.632418601452685e-06
9.135942446643814e-06
9.09590677887685e-06
9.3008120420406e-06
8.813257429280079e-06
9.544782044852605e-06
8.938673005358924e-06
8.756233705372616e-06
9.269953190012166e-06
9.150775538616447e-06
8.926591211284519e-06
8.900156310514169e-06
8.9685195013919e-06
8.887681089959015e-06
9.248479782902437e-06
9.172569122466239e-06
9.475768220744529e-06
8.974984527062417e-06
9.074612548363932e-06
8.971706158637706e-06
9.018612611781686e-06
9.671228279427268e-06
9.328264909159836e-06
8.331354618247278e-06
9.095539586957547e-06
8.988505665734577e-06
9.14833585744337e-06